1.000000
0.995004
0.980067
0.955337
0.921061
0.877583
0.825336
0.764842
0.696707
0.621610
0.540302
0.453596
0.362358
0.267499
0.169967
0.070737
-0.029200
-0.128845
-0.227202
-0.323290
-0.416147
-0.504846
-0.588501
-0.666276
-0.737394
-0.801144
-0.856889
-0.904072
-0.942222
-0.970958
-0.989992
-0.999135
-0.998295
-0.987480
-0.966798
-0.936457
-0.896758
-0.848100
-0.790968
-0.725932
-0.653644
-0.574824
-0.490261
-0.400799
-0.307333
-0.210796
-0.112153
-0.012388
0.087499
0.186512
0.283662
0.377978
0.468517
0.554375
0.634693
0.708670
0.775566
0.834713
0.885520
0.927478
0.960170
0.983268
0.996542
0.999859
0.993185
0.976588
0.950233
0.914383
0.869397
0.815725
0.753902
0.684547
0.608351
0.526077
0.438547
0.346635
0.251260
0.153374
0.053955
-0.046002
-0.145500
-0.243545
-0.339155
-0.431377
-0.519289
-0.602012
-0.678720
-0.748646
-0.811093
-0.865435
-0.911130
-0.947722
-0.974844
-0.992225
-0.999693
-0.997172
-0.984688
-0.962365
-0.930426
-0.889191
-0.839072
-0.780568
-0.714266
-0.640826
-0.560984
-0.475537
-0.385338
-0.291289
-0.194330
-0.095428
0.004426
0.104236
0.203005
0.299746
0.393491
0.483305
0.568290
0.647596
0.720433
0.786071
0.843854
0.893206
0.933634
0.964733
0.986192
0.997798
0.999435
0.991085
0.972833
0.944860
0.907447
0.860966
0.805884
0.742749
0.672193
0.594921
0.511704
0.423375
0.330815
0.234949
0.136737
0.037158
-0.062792
-0.162115
-0.259818
-0.354924
-0.446485
-0.533584
-0.615353
-0.690973
-0.759688
-0.820813
-0.873737
-0.917931
-0.952953
-0.978453
-0.994178
-0.999968
-0.995768
-0.981617
-0.957659
-0.924133
-0.881372
-0.829805
-0.769948
-0.702397
-0.627828
-0.546985
-0.460678
-0.369769
-0.275163
-0.177809
-0.078677
0.021240
0.120943
0.219440
0.315744
0.408893
0.497957
0.582044
0.660317
0.731992
0.796353
0.852757
0.900640
0.939525
0.969022
0.988837
0.998772
0.998728
0.988705
0.968802
0.939220
0.900253
0.852293
0.795815
0.731386
0.659649
0.581321
0.497186
0.408082
0.314901
0.218573
0.120061
0.020351
-0.079564
-0.178683
-0.276018
-0.370594
-0.461466
-0.547729
-0.628519
-0.703030
-0.770515
-0.830301
-0.881792
-0.924472
-0.957915
-0.981787
-0.995849
-0.999961
-0.994081
-0.978270
-0.952683
-0.917578
-0.873305
-0.820305
-0.759110
-0.690329
-0.614652
-0.532833
-0.445690
-0.354093
-0.258958
-0.161238
-0.061905
0.038046
0.137618
0.235814
0.331653
0.424179
0.512467
0.595635
0.672851
0.743343
0.806409
0.861418
0.907820
0.945151
0.973038
0.991203
