1.000000
0.980067
0.921061
0.825336
0.696707
0.540302
0.362358
0.169967
-0.029200
-0.227202
-0.416147
-0.588501
-0.737394
-0.856889
-0.942222
-0.989992
-0.998295
-0.966798
-0.896758
-0.790968
-0.653644
-0.490261
-0.307333
-0.112153
0.087499
0.283662
0.468517
0.634693
0.775566
0.885520
0.960170
0.996542
0.993185
0.950233
0.869397
0.753902
0.608351
0.438547
0.251260
0.053955
-0.145500
-0.339155
-0.519289
-0.678720
-0.811093
-0.911130
-0.974844
-0.999693
-0.984688
-0.930426
-0.839072
-0.714266
-0.560984
-0.385338
-0.194330
0.004426
0.203005
0.393491
0.568290
0.720433
0.843854
0.933634
0.986192
0.999435
0.972833
0.907447
0.805884
0.672193
0.511704
0.330815
0.136737
-0.062792
-0.259818
-0.446485
-0.615353
-0.759688
-0.873737
-0.952953
-0.994178
-0.995768
-0.957659
-0.881372
-0.769948
-0.627828
-0.460678
-0.275163
-0.078677
0.120943
0.315744
0.497957
0.660317
0.796353
0.900640
0.969022
0.998772
0.988705
0.939220
0.852293
0.731386
0.581321
0.408082
0.218573
0.020351
-0.178683
-0.370594
-0.547729
-0.703030
-0.830301
-0.924472
-0.981787
-0.999961
-0.978270
-0.917578
-0.820305
-0.690329
-0.532833
-0.354093
-0.161238
0.038046
0.235814
0.424179
0.595635
0.743343
0.861418
0.945151
0.991203
0.997739
0.964499
0.892806
0.785520
0.646919
0.482526
0.298898
0.103352
-0.096314
-0.292139
-0.476319
-0.641508
-0.781123
-0.889598
-0.962606
-0.997239
-0.992114
-0.947438
-0.864989
-0.748058
-0.601302
-0.430576
-0.242682
-0.045114
0.154251
0.347469
0.526832
0.685194
0.816239
0.914742
0.976778
0.999873
0.983106
0.927146
0.834223
0.708042
0.553634
0.377153
0.185640
-0.013277
-0.211665
-0.401614
-0.575552
-0.726542
-0.848570
-0.936768
-0.987620
-0.999098
-0.970746
-0.903692
-0.800611
-0.665612
-0.504077
-0.322450
-0.127964
0.071624
0.268356
0.454390
0.622305
0.765414
0.878008
0.955599
0.995093
0.994915
0.955074
0.877156
0.764269
0.620912
0.452805
0.266643
0.069850
-0.129727
-0.324132
-0.505612
-0.666938
-0.801675
-0.904452
-0.971171
-0.999172
-0.987339
-0.936144
-0.847628
-0.725320
-0.574098
-0.399985
-0.209927
-0.011499
0.187387
0.378799
0.555113
0.709297
0.835202
0.927811
0.983430
0.999843
0.976396
0.914023
0.815210
0.683900
0.525322
0.345801
0.152495
-0.046892
-0.244405
-0.432178
-0.602721
-0.749236
-0.865881
-0.948004
-0.992335
-0.997105
-0.962123
-0.888783
-0.780013
-0.640144
-0.474755
-0.290438
-0.094542
0.105119
0.300593
0.484083
0.648274
0.786620
0.893605
0.964966
