-0.000000
-0.099833
-0.198669
-0.295520
-0.389418
-0.479426
-0.564643
-0.644218
-0.717356
-0.783327
-0.841471
-0.891207
-0.932039
-0.963558
-0.985450
-0.997495
-0.999574
-0.991665
-0.973848
-0.946300
-0.909297
-0.863209
-0.808496
-0.745705
-0.675463
-0.598472
-0.515501
-0.427380
-0.334988
-0.239249
-0.141120
-0.041581
0.058374
0.157746
0.255541
0.350783
0.442520
0.529836
0.611858
0.687766
0.756803
0.818277
0.871576
0.916166
0.951602
0.977530
0.993691
0.999923
0.996165
0.982453
0.958924
0.925815
0.883454
0.832267
0.772764
0.705540
0.631267
0.550685
0.464602
0.373876
0.279415
0.182162
0.083089
-0.016814
-0.116549
-0.215120
-0.311541
-0.404850
-0.494113
-0.578440
-0.656986
-0.728969
-0.793668
-0.850437
-0.898708
-0.938000
-0.967920
-0.988168
-0.998543
-0.998941
-0.989358
-0.969890
-0.940731
-0.902172
-0.854599
-0.798487
-0.734397
-0.662970
-0.584917
-0.501021
-0.412119
-0.319098
-0.222890
-0.124455
-0.024775
0.075151
0.174327
0.271760
0.366479
0.457536
0.544021
0.625071
0.699874
0.767686
0.827827
0.879696
0.922775
0.956635
0.980936
0.995436
0.999990
0.994553
0.979178
0.954019
0.919328
0.875452
0.822829
0.761984
0.693525
0.618137
0.536573
0.449647
0.358230
0.263232
0.165604
0.066322
-0.033623
-0.133232
-0.231510
-0.327475
-0.420167
-0.508662
-0.592073
-0.669570
-0.740376
-0.803784
-0.859162
-0.905955
-0.943696
-0.972008
-0.990607
-0.999309
-0.998027
-0.986772
-0.965658
-0.934895
-0.894791
-0.845747
-0.788252
-0.722881
-0.650287
-0.571196
-0.486399
-0.396741
-0.303118
-0.206467
-0.107753
-0.007964
0.091907
0.190859
0.287904
0.382072
0.472423
0.558054
0.638107
0.711786
0.778353
0.837143
0.887568
0.929124
0.961398
0.984065
0.996900
0.999774
0.992659
0.975626
0.948844
0.912582
0.867201
0.813157
0.750987
0.681313
0.604832
0.522307
0.434565
0.342480
0.246973
0.148998
0.049534
-0.050423
-0.149878
-0.247835
-0.343316
-0.435367
-0.523066
-0.605540
-0.681964
-0.751574
-0.813675
-0.867644
-0.912946
-0.949125
-0.975821
-0.992767
-0.999793
-0.996830
-0.983907
-0.961152
-0.928795
-0.887157
-0.836655
-0.777794
-0.711160
-0.637421
-0.557315
-0.471638
-0.381250
-0.287051
-0.189985
-0.091022
0.008852
0.108638
0.207338
0.303966
0.397556
0.487175
0.571926
0.650963
0.723496
0.788798
0.846221
0.895188
0.935210
0.965889
0.986916
0.998082
0.999276
0.990485
0.971798
0.943401
0.905578
0.858706
0.803255
0.739777
0.668910
0.591357
0.507896
0.419360
0.326633
0.230645
0.132351
